rmse: 2.2356289942653724
mae: 1.8025
r2: 0.7283365492800808
